23 230 96
23 230 106
23 230 115
23 230 125
23 230 135
23 230 144
23 230 154
23 230 164
23 230 174
23 230 183
23 230 193
23 230 203
23 230 212
23 230 222
23 227 230
23 217 230
23 208 230
23 198 230
23 188 230
23 178 230
23 169 230
23 159 230
23 149 230
23 140 230
23 130 230
23 120 230
23 110 230
23 101 230
23 91 230
23 81 230
23 72 230
23 62 230
23 52 230
23 42 230
23 33 230
23 23 230
33 23 230
42 23 230
52 23 230
62 23 230
72 23 230
81 23 230
91 23 230
101 23 230
110 23 230
120 23 230
130 23 230
140 23 230
149 23 230
159 23 230
169 23 230
178 23 230
188 23 230
198 23 230
208 23 230
217 23 230
227 23 230
230 23 222
230 23 212
230 23 203
230 23 193
230 23 183
230 23 174
230 23 164
230 23 154
230 23 144
230 23 135
230 23 125
230 23 115
230 23 106
230 23 96
230 23 86
230 23 76
230 23 67
230 23 57
230 23 47
230 23 38
230 23 28
230 28 23
230 38 23
230 47 23
230 57 23
230 67 23
230 76 23
230 86 23
230 96 23
230 106 23
230 115 23
230 125 23
230 135 23
230 144 23
230 154 23
230 164 23
230 174 23
230 183 23
230 193 23
230 203 23
230 212 23
230 222 23
227 230 23
217 230 23
208 230 23
198 230 23
188 230 23
178 230 23
169 230 23
159 230 23
149 230 23
140 230 23
130 230 23
120 230 23
110 230 23
101 230 23
91 230 23
81 230 23
72 230 23
62 230 23
52 230 23
42 230 23
33 230 23
23 230 23
23 230 33
23 230 42
23 230 52
23 230 62
23 230 72
23 230 81
23 230 91
23 230 101
23 230 110
23 230 120
23 230 130
23 230 140
23 230 149
23 230 159
23 230 169
23 230 178
23 230 188
23 230 198
23 230 208
23 230 217
23 230 227
23 222 230
23 212 230
23 203 230
23 193 230
23 183 230
23 174 230
23 164 230
23 154 230
23 144 230
23 135 230
23 125 230
23 115 230
23 106 230
23 96 230
23 86 230
23 76 230
23 67 230
23 57 230
23 47 230
23 38 230
23 28 230
28 23 230
38 23 230
47 23 230
57 23 230
67 23 230
76 23 230
86 23 230
96 23 230
106 23 230
115 23 230
125 23 230
135 23 230
144 23 230
154 23 230
164 23 230
174 23 230
183 23 230
193 23 230
203 23 230
212 23 230
222 23 230
230 23 227
230 23 217
230 23 208
230 23 198
230 23 188
230 23 178
230 23 169
230 23 159
230 23 149
230 23 140
230 23 130
230 23 120
230 23 110
230 23 101
230 23 91
230 23 81
230 23 72
230 23 62
230 23 52
230 23 42
230 23 33
230 23 23
230 33 23
230 42 23
230 52 23
230 62 23
230 72 23
230 81 23
230 91 23
230 101 23
230 110 23
230 120 23
230 130 23
230 140 23
230 149 23
230 159 23
230 169 23
230 178 23
230 188 23
230 198 23
230 208 23
230 217 23
230 227 23
222 230 23
212 230 23
203 230 23
193 230 23
183 230 23
174 230 23
164 230 23
154 230 23
144 230 23
135 230 23
125 230 23
115 230 23
106 230 23
96 230 23
86 230 23
76 230 23
67 230 23
57 230 23
47 230 23
38 230 23
28 230 23
23 230 28
23 230 38
23 230 47
23 230 57
23 230 67
23 230 76
23 230 86
23 230 96
